1.878792424648748,1.6919460365473529,1.7539388269920622,1.8816688206256975,1.8766018838657947,1.651733276865231,1.9376033611094354,2.0836621523283663,2.1000079529860427,1.8890343975435062,0.4706000089645386
1.778495066052074,1.7079927554319747,1.6844328053497273,1.5433422902345018,1.6022301154547964,1.5383082295137982,1.5746571018135649,1.49985318070935,1.460577798577763,1.5400548865670396,1.4553248891527018,1.4155677004286522,1.4784000275718188,1.4113714416345942,1.4330635227783048,1.4782312967321531,1.4546123550890773,1.432206191053976,0.7190999984741211
1.853075336809066,1.549864995406834,1.6290555534029,1.628127265082014,1.5787117252544856,1.5818454682409395,1.5515047938311164,1.5273926956678292,1.5729627634867633,1.5401398998838065,1.476296181978379,1.5221093615880086,1.4605947122405656,1.4178203074079434,1.579317484480245,1.435455263988005,1.5285767812217443,0.7294999957084656
1.4064656168104195,1.5911734221552605,1.862844192274173,1.4020123811359348,1.782545582924619,1.8703077687304828,1.872877845036504,2.0897222828817803,1.503284299691273,1.7493390772818729,2.014145876890271,0.4034999907016754
1.6047536957953084,1.623180605118825,1.698582537476136,1.7384859873768845,1.669310732579454,1.6728182447717872,1.6594245666502399,1.6834837094333022,1.5837280892813372,1.6133108918533612,1.5703410082677545,1.4622832937784072,1.455470177681067,1.5075296058252772,1.5009658742543865,1.544709108879279,0.48969998955726624
1.6382253639745894,1.5735486951790154,1.5320010537600903,1.5303231274303415,1.5473480835137012,1.4685124992914274,1.4695315948318892,1.420017617925649,1.3485505556753972,1.322434035047619,1.3554475109966189,1.357514833700057,1.4417721536239316,1.4236414749830422,1.339954943551914,1.3362485454783122,1.2549956313153547,1.2483303450205745,1.366977129119022,1.345497777487921,0.7473999857902527
1.8492286344538917,1.834678447601239,1.7099436408340454,1.6233373808173415,1.5938492490140033,1.5049877064043005,1.513261185407992,1.5355622278176735,1.443239085471032,1.468378764849362,1.4586115748423398,1.40448229727645,1.4382678872729713,0.7049999833106995
1.3328552881629676,1.5080578176673631,1.4180684348732326,1.331561909187378,1.3579533126340284,1.3505216239726199,1.4199871352709652,1.406984098826217,1.3742543853020135,0.6008999943733215
1.7819698422021348,1.7616029447158763,1.716476791218636,1.6418102722109715,1.7316998119164766,1.6138661615811725,1.6576594874557946,1.6318904774526253,1.601795797234085,0.7032999992370605
1.7075610331070326,1.6325308369521823,1.567377444766227,1.5384967222471462,1.5729784432769112,1.564473916634546,1.4985956449179882,1.5180540870402126,1.5257738153347395,1.5285381840379468,1.5286409843925004,1.4931842650902762,1.4788459570542551,1.471392917491117,1.4476700673166358,1.5595555043175149,1.44759142524256,1.4650894406768122,1.4170435413561595,0.7010999917984009
1.6995697455706131,1.6282300387248556,1.7072501080366713,1.530043321733483,1.6044223641254858,0.6870999932289124
1.6119313001400783,1.6917269452035866,1.6328171901462794,1.611605781630742,1.5911205524695167,1.6210549594639148,1.5883209867732209,1.5216496073579533,1.5367015510648656,1.493198973440995,1.5366760186412955,1.4882137792469994,1.4577200791287264,1.402078292437319,1.3435172253764986,1.3970116659834595,1.2842704768560926,1.3196620801067902,1.3912860252881405,1.3361717680306033,0.7547000050544739
1.6629285009916972,1.5721665843353003,1.5231397604277852,1.5147397503339666,1.3977928487949491,1.4987507781305147,1.3809476332883213,1.4124246152311293,1.3545298317172851,1.3310348346541518,1.3405885772740742,1.2749494713174672,1.3429414378244695,1.2988575053436782,1.223164120312315,0.767300009727478
1.7780079366308827,1.5689668356552922,1.5604454995835277,1.4989385792040575,1.4231296441371626,1.3847538079638384,1.4062812221691205,1.3723533049143182,1.3660870590697414,1.266686352791977,1.3118021596457279,1.2534159875409825,1.3311681700033673,1.327320443893416,0.7508000135421753
1.6668428383097542,1.715766770178048,1.6222796546310838,1.6002239915394605,1.5576332740653434,1.5681588425553303,1.514729567698763,1.5229258403689885,1.5444047400629213,1.5362173503805585,1.5370865746437103,1.4755770512109168,1.473967759317961,1.478862279662937,1.4531964782095073,0.7365000247955322
1.731962235997876,1.5576429644745433,1.4464609264821093,1.4137428009898705,1.441894344283909,1.4586513021411247,1.3930557767662366,1.420132742267267,1.2804986154899565,1.3125377286976594,1.302523576325147,1.2568499901173014,1.2899122741285218,1.259518994401465,1.2350617518137614,1.1410988278518288,1.2123311541452746,1.2194212540760745,1.1866147983823327,1.207493681132095,0.7820000052452087
1.7513925315005097,1.6702953539831364,1.5449285046014622,1.5359652957237369,1.4991598733681193,1.492397459767393,1.43674167675838,1.3667759877338024,1.379050228158065,1.315589816767969,1.357260482667664,1.327688968151156,1.3528434091555135,1.308688216955249,1.3199175556750005,1.2725594556400193,1.2561572582275566,0.7642999887466431
1.693527357083519,1.5295723828120402,1.5695895013167183,1.3988335875576783,1.502822697452015,1.5192261384584862,1.386476976039574,1.3415824254938709,1.4718747562389791,1.4353551559627968,1.4046575575770803,1.3551449611271742,0.6779999732971191
1.534215490020514,1.5795372611267222,1.4395098085810605,1.5532530793863573,1.4673617003412072,1.4974917317530578,1.4626087809471424,0.6984999775886536
